1
5
1 25.8 0
1 23.1 0
1 48.1 0
1 44.8 0
1 32 0
2
5
1 40.9 0
1 40.6 0
1 36.7 0
1 48.6 0
1 39.1 0
3
5
1 26.2 0
1 25.5 0
1 42.6 0
1 47.7 0
1 33.8 0
4
5
1 39.5 0
1 28.6 0
1 21.6 0
1 40.2 0
1 38.8 0
5
5
1 41.4 0
1 47.4 0
1 44.7 0
1 45.9 0
1 36 0
6
5
1 44.5 0
1 26.4 0
1 48.4 0
1 29.4 0
1 40.1 0
7
5
1 34.2 0
1 42 0
1 39.8 0
1 25.6 0
1 47.9 0
8
5
1 47.7 0
1 42.5 0
1 32.4 0
1 31.1 0
1 40.4 0
9
5
1 48.7 0
1 31.3 0
1 32.3 0
1 27.6 0
1 20.7 0
10
5
1 33.7 0
1 23.3 0
1 23.4 0
1 46.4 0
1 36.1 0
11
5
1 29.2 0
1 24.3 0
1 29.2 0
1 35.3 0
1 44.1 0
12
5
1 37.8 0
1 22.7 0
1 49.4 0
1 27.1 0
1 28.7 0
13
5
1 42.2 0
1 35 0
1 28.4 0
1 37.5 0
1 39.4 0
14
5
1 32.4 0
1 49 0
1 25.2 0
1 25.8 0
1 34.9 0
15
5
1 47.4 0
1 32.3 0
1 27.7 0
1 22.2 0
1 41.5 0
16
5
1 26.3 0
1 33.4 0
1 30.6 0
1 45.2 0
1 31.2 0
17
5
1 36.8 0
1 38.5 0
1 39.9 0
1 36.6 0
1 27.9 0
18
5
1 23.5 0
1 33.8 0
1 43.4 0
1 24 0
1 45.2 0
19
5
1 43 0
1 42.8 0
1 26.7 0
1 28.2 0
1 46.9 0
20
5
1 48.5 0
1 37.3 0
1 41.4 0
1 34.5 0
1 48.1 0
21
5
1 42 0
1 41.6 0
1 30.5 0
1 43.8 0
1 38.2 0
22
5
1 29.1 0
1 27 0
1 38.3 0
1 35.3 0
1 34.5 0
23
5
1 45.7 0
1 24.8 0
1 46.8 0
1 49.2 0
1 29.8 0
24
5
1 45.3 0
1 48 0
1 25.5 0
1 39.8 0
1 25.7 0
25
5
1 23.5 0
1 45.6 0
1 26.6 0
1 49.3 0
1 25.3 0
26
5
1 23.3 0
1 29.6 0
1 37.5 0
1 24.3 0
1 31.1 0
27
5
1 22.6 0
1 32.5 0
1 47.6 0
1 30.4 0
1 31 0
28
5
1 47.4 0
1 28.5 0
1 44.7 0
1 36.8 0
1 34.4 0
29
5
1 36.3 0
1 26.2 0
1 36.4 0
1 35.7 0
1 41 0
30
5
1 48.3 0
1 27 0
1 38 0
1 30.6 0
1 35.7 0
31
5
3 43 0
3 40.7 0
3 47.2 0
3 30.5 0
3 48.6 0
32
5
2 43.3 0
3 37.4 0
2 38.2 0
2 45.2 0
3 39.6 0
33
5
2 31.8 0
2 23.5 0
2 48.1 0
3 35.5 0
3 36.8 0
34
5
2 25.3 0
3 29 0
3 36.1 0
2 29.9 0
2 45.1 0
35
5
2 44.8 0
2 44 0
2 44 0
2 26.4 0
3 44.4 0
36
5
2 28.5 0
3 40.1 0
2 25.1 0
2 46.2 0
2 42.7 0
37
5
3 29.9 0
3 24.1 0
3 42.5 0
3 27 0
2 27 0
38
5
2 34.7 0
3 40.7 0
2 32.5 0
3 29.6 0
2 49.5 0
39
5
2 47.7 0
3 25.5 0
2 39 0
2 28.1 0
3 40.8 0
40
5
2 31.3 0
3 48.1 0
2 29.1 0
2 21.8 0
2 36.7 0
41
5
3 28.5 0
3 38.4 0
2 38.1 0
3 48.5 0
2 36.3 0
42
5
2 30.6 0
2 36.8 0
3 29 0
3 42.6 0
3 44.7 0
43
5
2 42.6 0
2 42.8 0
3 20.2 0
2 36 0
2 26.5 0
44
5
2 26.2 0
2 46.9 0
2 41.7 0
2 44.2 0
3 27 0
45
5
3 38.1 0
3 42 0
2 41.1 0
3 48.8 0
3 35.5 0
46
5
2 46.1 0
3 49.4 0
2 26.1 0
3 33.6 0
2 42.9 0
47
5
3 21.3 0
2 32.5 0
2 30.3 0
3 40.8 0
2 35.3 0
48
5
2 47.4 0
3 21.3 0
2 46.3 0
2 43 0
2 32.5 0
49
5
2 36.4 0
2 49.7 0
3 30.2 0
3 44.5 0
2 25.8 0
50
5
3 33.3 0
3 48.8 0
3 26 0
3 34.1 0
3 35 0
51
5
2 27.3 0
3 28.1 0
2 28.8 0
2 47.2 0
2 20.4 0
52
5
3 37.9 0
2 22.2 0
2 36.4 0
2 43.5 0
3 30.3 0
53
5
2 20.6 0
2 35.2 0
2 40 0
3 39.4 0
3 41.4 0
54
5
2 42.5 0
2 23.2 0
3 40.2 0
3 39.7 0
3 21.1 0
55
5
2 20.6 0
2 30.2 0
3 46.6 0
3 27.5 0
3 41 0
56
5
3 30.4 0
2 20.5 0
2 41.5 0
2 33.9 0
2 30.9 0
57
5
2 31.5 0
3 49.8 0
3 35.5 0
2 23.8 0
2 37.2 0
58
5
2 23.5 0
2 39.8 0
2 28.7 0
3 34.9 0
3 43.4 0
59
5
2 47.8 0
3 33.3 0
3 27.9 0
2 29.7 0
3 34.8 0
60
5
2 42.6 0
2 34.5 0
3 28.7 0
2 45.8 0
2 33.6 0
61
5
2 34.9 0
2 44.3 0
3 44 0
2 42.5 0
2 37.5 0
62
5
3 28.9 0
2 20.2 0
2 34.8 0
3 33.5 0
2 22.5 0
63
5
2 43.9 0
3 24.3 0
2 34.6 0
2 43.7 0
3 41.1 0
64
5
2 49.5 0
3 25 0
2 28.2 0
3 38.1 0
3 40.1 0
65
5
2 40.4 0
2 21.9 0
3 35.8 0
3 37.2 0
2 44.6 0
66
5
3 37.2 0
3 40 0
2 36 0
3 46 0
3 50 0
67
5
3 25.7 0
2 31.3 0
3 47.8 0
3 29.4 0
3 44.7 0
68
5
2 26.3 0
2 38.4 0
3 45.3 0
2 29.8 0
2 36.4 0
69
5
2 30.5 0
3 49.8 0
3 29.1 0
3 36.9 0
3 39.7 0
70
5
2 43.6 0
2 25.4 0
3 32.9 0
2 31.6 0
3 28 0
71
5
3 35.2 0
2 21.7 0
2 22.4 0
3 38.3 0
3 28.3 0
72
5
2 39.7 0
3 25.1 0
2 47.3 0
3 20.9 0
3 48.5 0
73
5
3 30.7 0
2 27.4 0
2 45.1 0
2 27.9 0
2 29.8 0
74
5
3 35.7 0
2 37 0
2 32.3 0
2 43.8 0
3 37.3 0
75
5
2 45 0
3 34.9 0
2 32.4 0
3 41.4 0
3 21.7 0
76
5
2 25.9 0
3 46.5 0
3 37.2 0
3 20.8 0
2 31.4 0
77
5
2 27.3 0
3 24.3 0
2 30.2 0
3 44.3 0
2 33.8 0
78
5
2 21.3 0
3 24.7 0
2 47.2 0
2 30.9 0
3 36.7 0
79
5
3 37.6 0
2 26.2 0
3 46.8 0
2 41.4 0
3 48.4 0
80
5
2 34.9 0
2 43.8 0
2 49.1 0
2 38.7 0
2 21.3 0
81
5
2 48.7 0
2 22.4 0
2 41.7 0
3 43.4 0
3 47.2 0
82
5
2 36.5 0
2 28 0
2 48.1 0
3 25.4 0
2 33.4 0
83
5
2 38.6 0
3 37.1 0
2 43.1 0
2 35.4 0
2 39 0
84
5
3 23.4 0
2 20.2 0
2 41.3 0
3 45.7 0
3 44.7 0
85
5
2 38.4 0
2 29.1 0
3 25.4 0
3 24.1 0
3 45.1 0
86
5
2 47.4 0
2 35.8 0
2 47.1 0
3 45.4 0
2 26.2 0
87
5
3 37.9 0
3 40 0
2 43.4 0
3 25.4 0
2 21.2 0
88
5
3 35.7 0
3 35.8 0
2 35.4 0
2 23.9 0
3 30.7 0
89
5
3 36.2 0
3 38.1 0
2 29.3 0
3 21.1 0
3 45.2 0
90
5
3 36.9 0
3 38.7 0
3 46.3 0
2 46.6 0
2 23.1 0
91
5
2 34.7 0
2 47 0
2 49 0
2 31.2 0
2 22.6 0
92
5
2 48.3 0
2 27.7 0
3 35.5 0
2 38 0
3 41.9 0
93
5
3 37.2 0
2 47.5 0
3 48.4 0
2 23.3 0
3 35.3 0
94
5
3 33.6 0
3 49.6 0
3 20.7 0
3 32.1 0
3 25.2 0
95
5
3 46.2 0
3 38.6 0
2 49.2 0
3 34 0
2 25.9 0
96
5
3 31.5 0
2 46.7 0
2 39 0
3 45.2 0
3 24.2 0
97
5
3 28.6 0
2 36.9 0
3 42.6 0
3 39.2 0
2 47.2 0
98
5
2 36.7 0
3 42.4 0
2 37.7 0
3 44 0
3 43.1 0
99
5
2 46.9 0
2 22.1 0
2 34.9 0
3 47.5 0
3 32.5 0
100
5
3 39.7 0
3 36.7 0
3 37.7 0
2 37.8 0
2 28.2 0
